42
68
135
101
170
125
79
159
163
65
106
146
82
28
162
92
196
143
28
37
192
5
103
154
93
183
22
117
119
96
48
127
172
139
70
113
68
100
36
95
104
12
123
134
74
65
142
112
54
69
148
45
63
158
38
60
124
142
130
179
117
36
191
43
89
107
41
143
65
49
47
6
91
130
171
151
7
102
194
149
30
24
85
155
157
41
167
177
132
109
145
40
27
124
138
139
119
83
130
142
34
116
40
59
105
131
178
107
74
187
22
146
125
73
71
30
178
174
98
113
187
91
162
37
156
168
56
175
32
53
151
151
142
125
167
31
108
192
8
138
58
88
154
184
146
110
10
159
22
189
23
147
107
31
14
169
101
192
163
56
11
160
25
138
149
84
196
42
3
151
92
37
175
21
197
22
149
200
69
85
82
135
54
200
19
139
101
189
128
68
129
94
49
84
8
22
111
18
14
115
110
17
136
52
1
50
120
157
199
104
25
9
45
10
190
103
196
86
94
144
124
188
115
104
49
1
59
19
181
197
199
82
190
199
10
158
73
23
139
93
39
180
191
58
159
192
16
89
157
112
3
35
73
56
129
47
163
87
76
34
70
143
45
17
82
199
123
52
22
100
158
77
93
190
76
113
1
111
4
70
62
89
2
190
56
24
3
186
183
86
89
27
18
158
33
133
170
155
122
190
177
130
169
93
26
156
35
150
42
113
146
61
119
154
140
24
80
197
88
130
150
38
67
150
194
196
98
17
87
106
89
83
56
135
115
102
117
72
187
64
114
156
186
54
113
9
33
146
114
157
122
159
47
183
82
145
197
23
130
162
136
51
174
67
45
60
93
40
54
25
155
111
146
50
187
114
75
23
169
19
188
106
159
192
3
26
78
15
115
25
135
75
173
160
34
71
88
98
119
178
174
71
164
69
193
186
103
81
14
28
3
100
128
26
144
125
24
173
62
182
4
33
106
194
126
32
93
143
23
87
65
101
188
161
14
175
71
171
36
34
112
161
97
68
86
151
141
95
96
25
20
126
177
95
59
103
172
67
79
194
52
85
19
65
120
153
1
88
61
127
11
158
171
116
177
28
44
159
165
110
83
87
166
88
178
75
26
28
30
129
24
121
103
163
124
197
138
62
196
126
65
61
3
117
31
127
12
172
12
148
154
121
191
125
189
164
141
52
63
30
101
114
159
179
166
8
78
1
59
40
104
161
158
125
78
109
114
88
2
51
61
29
194
185
6
141
112
105
36
157
73
151
24
86
157
17
27
158
127
158
138
72
70
162
97
23
18
113
118
97
186
42
24
130
30
166
160
133
97
56
54
163
185
135
55
173
58
170
133
164
8
84
112
36
68
49
76
139
24
143
155
112
142
176
60
26
22
71
27
135
6
184
51
199
80
102
194
135
38
135
157
194
177
106
163
149
82
101
14
42
56
56
143
63
12
78
25
79
153
44
97
74
41
114
76
73
19
11
18
133
113
96
170
32
41
89
86
91
98
190
191
146
154
115
52
141
45
59
136
160
193
6
65
182
104
30
176
9
93
198
150
157
162
28
68
142
130
41
14
175
2
78
16
84
14
193
25
2
193
160
71
29
28
85
76
187
99
171
88
48
5
104
22
64
107
164
11
172
90
41
165
143
20
114
192
105
19
33
151
6
176
140
104
23
99
48
185
49
172
65
114
76
146
113
147
79
170
63
120
186
90
145
66
141
46
109
119
71
2
124
133
73
153
88
171
164
102
104
24
128
1
170
16
166
29
144
148
89
144
38
10
64
50
82
189
143
9
61
22
159
155
89
147
91
150
44
31
21
149
68
137
184
36
27
186
39
54
30
25
149
124
160
58
167
145
156
119
127
12
26
156
2
150
97
185
116
165
143
76
114
143
197
149
73
27
7
174
30
5
106
27
13
176
94
166
37
137
142
15
195
57
53
137
39
83
156
16
132
31
42
26
12
38
187
91
51
63
35
94
154
17
53
9
63
34
55
104
35
104
57
149
125
118
14
110
29
1
81
119
59
51
156
162
65
104
77
44
110
103
162
90
149
83
54
75
21
3
124
32
170
79
60
9
20
172
4
146
182
105
193
86
114
99
190
123
139
38
11
62
35
109
162
160
94
116
70
138
70
59
101
172
65
118
16
156
16
131
40
13
89
83
155
86
111
85
175
181
16
152
142
116
80
111
99
74
189
178
133
157
90
114
9
142
191
124
164
29
185
179
1
72
86
175
72
134
68
154
96
169
26
77
30
51
199
110
94
87
81
117
50
